-40559
54643
-40451
7438
-25841
92610
98786
-915
-71888
60094
-55036
-66952
-73914
89989
-88972
-49938
75348
69497
95029
51580
4392
-39611
87843
-67730
-23585
11849
7138
-8436
16434
688
30037
61955
68773
58018
33490
52982
34954
-83282
-87640
53559
61652
-67735
-47348
-20926
-87624
-56707
-91583
37938
55630
-53106
-55168
-17927
-31869
84807
35679
33497
-87350
9649
21770
-50057
-50473
6570
-79472
-51343
69527
-10065
-3761
39974
-99911
89781
41004
17510
-48409
-43953
-97879
11542
24318
51898
-91025
-2039
96356
43532
-40750
71771
85418
53060
93097
-20165
-30746
-33306
-8655
-42339
-25690
92641
60941
46884
-51784
-45276
-27437
-35838
-60618
-93990
31165
22867
-90675
37517
-98610
75117
94278
-19644
-34366
-8976
49454
15793
-59861
92953
-17679
91222
-18379
92553
82358
74634
57442
-70188
37556
-36419
4885
92897
-94895
-62480
27430
-15753
-23540
89381
14435
95192
76024
-45769
-42441
15472
67435
30554
-74
-9515
97594
-57378
32538
18756
75599
34065
-48455
14591
59493
-75678
22333
1741
-93790
8360
-82343
76881
58300
-11830
-61022
95659
-7390
-26648
84150
82168
84836
-13316
15072
-40829
47054
94022
-76305
-55938
48888
-67129
18082
53976
-9106
65521
7596
-45549
88955
89064
-19184
86936
-7847
-95026
16745
-19975
71434
74063
47354
-15361
29658
-67535
-31223
79513
-57372
-49652
24693
50277
-39265
-69963
97387
-82676
-82027
-48173
-85549
30636
94175
-34278
-38725
13786
76180
-46919
-11754
-16982
98091
-26227
-28890
82226
74088
-13755
-75047
-66797
91401
51969
-38681
-63573
-21794
-37333
58742
37704
-51108
-37122
-41935
-42264
23528
43838
-37921
-52791
-86617
-33776
17100
33603
-75030
34401
71650
-92323
27946
71485
-38690
-28830
-25510
-18403
-25562
-37797
83562
98517
90893
76806
34576
42393
-72373
-5676
-6083
72883
-45918
-66162
58085
-2465
-42822
13916
91544
33888
-83730
32418
80521
-47725
93471
-24769
-57478
-40925
89456
-19743
24143
13836
99229
36456
77584
88079
-28905
-44645
-55743
40911
-88018
-80589
-98613
-47144
-67963
89175
50345
63931
-95792
83559
11250
-70583
-45559
38458
41115
-42485
862
-23126
-57033
47111
96383
-36172
-6150
-2743
12386
37363
-74942
44274
-92608
73098
28965
10687
78686
-75108
32529
-29959
72142
-36894
-35851
-6774
90624
-40991
45509
-42059
-35911
-34069
-32415
41779
1405
76730
37661
-91285
-46931
62409
55184
-17798
-90375
-35126
12932
-26103
12471
378
70776
-37588
4322
-2411
10810
58143
-12242
98339
88534
-49997
-91287
-28348
-82830
60946
-67486
99718
35309
16565
58206
-36562
-16787
6137
-36580
-65820
-3195
-90438
-19710
82627
9248
10162
57141
-74242
26657
-56660
-14597
-33214
-21843
-30287
-48753
-93060
49055
52782
-61211
-89294
19823
-6715
67954
-8991
78922
97720
-58636
-82572
-3068
-22534
70884
65834
-7272
-21866
-86116
-19219
84755
93861
-19889
34893
-20276
76596
-45403
-68697
5484
92240
16761
-72500
-79993
-86853
-52570
-67343
-17333
60038
10215
-74724
75084
48371
41474
41753
-39915
31610
41749
7161
-30085
32611
-33031
35122
-9354
18243
-37728
20189
5577
33183
-53857
94334
-33351
-44732
-63066
84371
-16187
-15184
-86814
25215
-86931
-17368
-31129
12769
76050
96406
64136
-56998
-26823
62804
-55370
-95337
21191
9484
74029
-74891
70344
74972
20956
45623
68267
-24654
87127
5711
73502
-68561
17539
65741
-97188
-62551
-81987
54523
-83476
74582
33905
-9838
93467
8694
-15477
157
-44838
98928
-26675
87339
-57000
75829
31521
12340
-16522
54722
68735
-20983
39016
52116
-63659
-33658
-54655
1759
-12760
62431
55542
52505
-71024
1632
-2410
-21423
-99749
8445
97659
61184
24866
17767
58803
49667
65574
-92062
-68600
44834
64797
20487
-77608
-67522
-62966
-27775
20804
-21736
39144
47312
-86817
-2364
93794
19244
45591
60234
-24388
-14138
94145
35877
40724
-6510
44187
1739
-47074
-45793
28022
-34445
-39968
4137
-82879
54770
86442
94921
40946
-35729
16098
-64646
-86092
-84312
23543
-74022
73229
-716
13564
-83854
-58594
97630
-65757
32612
-80148
72973
-62279
62817
-91712
35463
-58299
-58653
-99046
-46027
85052
-33871
74289
-78972
-59418
-70721
-42978
94063
-97408
-9828
-75898
-29241
-74943
81281
24572
74135
-53885
27402
36384
-50240
93030
15668
-54033
85544
77754
13889
-1521
-23955
-54880
44192
-52437
-41863
18227
71868
-92006
-14234
51044
-68747
45452
-42780
-14270
2177
-37129
-47772
-27804
16158
2031
43670
-45074
-96959
65967
-29846
-65702
-59069
-8394
-29022
-1943
48054
93542
25648
-49213
13005
793
-139
52680
93303
-62295
85434
50397
-1508
-64690
-49732
53026
-3837
-8898
-81128
-82146
-29790
-21440
-9664
66410
-14556
60787
-34054
-22974
57499
-49392
-84374
-54168
83340
47075
-19411
-51891
49882
-33630
-53909
-92062
60782
-95113
44094
67964
9038
92177
-38267
-43116
-60978
-94384
-65074
40944
-80114
-77174
-42629
-37323
-46140
1094
-37643
89499
45144
33426
-85729
32661
-90604
-35906
72718
-82883
20057
15325
-91767
41709
61213
-92233
94040
-43841
99490
-21389
62921
-63870
-62745
78330
60573
-42078
82343
5389
17055
-99094
-21517
85452
-40549
-29125
-1159
-81746
13242
31202
-74385
10944
-56606
93896
47370
1349
-35992
-720
-77392
-97618
66699
28602
78492
-57080
42729
75111
44205
46140
-41891
10795
-78634
80224
76182
97628
-87660
46172
-1163
349
42367
-81882
78865
46090
98493
-37493
72026
44242
63686
4568
28970
8590
96804
20665
-54568
99632
88340
90941
-19645
98068
-12275
-81717
57630
75983
1227
-30333
39034
28663
80393
34583
6453
22988
18485
99932
75587
72736
-65140
-7551
76111
-81388
48337
-89355
-43454
-1252
-61511
12338
55855
-60749
75866
58855
98390
89570
86228
48513
-99795
-18756
-35539
-74333
52357
86644
-86150
53059
69506
60910
34723
-76430
-47520
-11242
13848
35
-68357
-50234
-65969
5112
6999
367
84310
42862
-99348
-10846
60381
-75879
-87287
-67448
85531
54554
-37632
13097
99439
8987
-70003
20920
69306
90752
37292
71542
-34370
-40892
79268
13384
-80655
-56368
-37102
67068
-43555
53204
92510
-29493
5833
21249
-14368
-333
82287
61810
-77111
26147
-48923
-74911
-48001
-32489
72869
-84306
-31683
34003
-78441
97768
-15089
64027
22995
-74631
86478
-95922
91916
67401
86558
10409
32720
-38795
684
-65213
-18867
-74107
-92233
95237
14448
1020
9702
-43812
-61418
94284
-20365
-74595
35212
35568
-79303
82031
22152
-58193
-68471
97754
39781
-95082
4685
-44603
21110
-36666
-94293
38258
-7594
-28360
98739
6235
75192
-10573
-97547
-3264
51033
-46547
63020
-54890
28981
90672
-34921
71395
-28556
32937
9417
-28947
87792
-39079
88276
60246
43496
-9521
-7425
-69625
-71346
-39438
95709
33089
97929
42681
19264
-8738
13692
-37291
26754
-96171
18459
91785
89087
-21302
-88599
